4.7062650283240483e-21,1.3205690477333151e-17,1.739629745790247e-14,1.0758792065297181e-11,3.1237853279976452e-09,4.2580408665889254e-07,2.7248929642552453e-05,0.00081865335803997107,0.011546799517967306,0.076459980161023108,0.23769372370434702,0.34690633078066324,0.23769372370434702,0.0764599801610234,0.011546799517967306,0.00081865335803997107,2.7248929642552453e-05,4.2580408665889403e-07,3.1237853279976452e-09,1.0758792065297181e-11,1.739629745790259e-14,1.3205690477333431e-17,4.7062650283240483e-21
4.696857204532428e-21,1.3179292302068963e-17,1.7361522259284123e-14,1.0737285239958652e-11,3.1175408811269775e-09,4.2495290428966939e-07,2.719445903578706e-05,0.00081701692489642914,0.011523806839554326,0.076324384696903044,0.23762275154402787,0.3473687406475478,0.23762278668887613,0.076324442463024014,0.011523808186504638,0.00081701692819337551,2.7194459036769815e-05,4.2495290428970682e-07,3.1175408811269783e-09,1.0737285239958652e-11,1.7361522259284243e-14,1.2935303113954348e-17,0.0
4.692160347327896e-21,1.3166113009766896e-17,1.7344160737024843e-14,1.0726547954718696e-11,3.114423340245851e-09,4.2452795138534523e-07,2.7167264577182302e-05,0.00081619993055725927,0.011512325659799521,0.076256588497046071,0.23758713194895706,0.34760003526213679,0.23758723752120359,0.07625676171589213,0.011512329688670466,0.00081619994034266624,2.7167264580017118e-05,4.2452795138543915e-07,3.1144233402458518e-09,1.0726547954718694e-11,1.7344155980563343e-14,1.2683135084346126e-17,0.0
4.687468186980569e-21,1.315294689675713e-17,1.7326816576287822e-14,1.071582140676398e-11,3.1113089169056057e-09,4.2410342343391864e-07,2.7140097312272557e-05,0.00081538375008891593,0.011500854587112986,0.07618879335889682,0.23755142327736592,0.3478313896558568,0.23755163469718293,0.076189139637573955,0.011500862620911077,0.00081538376944975048,2.7140097317718856e-05,4.2410342343407571e-07,3.1113089169056065e-09,1.0715821406759151e-11,1.7326802409211512e-14,1.2435882959266487e-17,0.0
4.6827807187935875e-21,1.313979394986037e-17,1.7309489759711531e-14,1.0705105585357215e-11,3.1081976079886996e-09,4.2367932001044848e-07,2.7112957213969706e-05,0.00081456838277813547,0.011489393622064041,0.076120999312661669,0.23751562547930127,0.34806280382253346,0.23751597830440357,0.076121576178795239,0.011489406971848139,0.0008145684146977012,2.7112957222680566e-05,4.2367932001066342e-07,3.1081976079887e-09,1.0705105585338013e-11,1.7309461628166717e-14,1.2193450905324606e-17,0.0
4.6780979380747941e-21,1.312665415591051e-17,1.7292180269951818e-14,1.0694400479771858e-11,3.1050894103807117e-09,4.2325564069041751e-07,2.7085844255209351e-05,0.00081375382791158918,0.011477942765217176,0.076053206388568814,0.23747973850479542,0.34829427775603317,0.23748026843036091,0.076054071290321282,0.011477962730114659,0.00081375387527040906,2.7085844267735003e-05,4.2325564069067464e-07,3.1050894103807113e-09,1.0694400479724127e-11,1.7292133718414549e-14,1.1955744957359359e-17,0.0
4.6734198401367198e-21,1.3113527501754601e-17,1.7274888089681869e-14,1.0683706079292087e-11,3.1019843209703324e-09,4.22832385049731e-07,2.7058758408950764e-05,0.00081294008477588234,0.011466502017132035,0.075985414616868099,0.23744376230386566,0.34852581145026268,0.23744450516245605,0.075986624922956811,0.011466529884354948,0.00081294015035258027,2.7058758425742077e-05,4.2283238505000592e-07,3.1019843209703307e-09,1.0683706079197165e-11,1.7274818759026589e-14,1.1722672982018992e-17,0.0
4.6687464202965811e-21,1.310041397425284e-17,1.7257613201592181e-14,1.067302237321279e-11,3.0988823366493615e-09,4.2240955266471641e-07,2.7031699648176894e-05,0.0008121271526575544,0.011455071378363412,0.075917624027831088,0.23740769682651433,0.3487574048991689,0.23740868858799585,0.075919237027545897,0.011455108423224608,0.00081212723912973571,2.7031699669588816e-05,4.2240955266497756e-07,3.0988823366493594e-09,1.0673022373047606e-11,1.7257516827198062e-14,1.1494144642050801e-17,0.0
4.6640776738762859e-21,1.3087313560278591e-17,1.7240355588390596e-14,1.0662349350839581e-11,3.0957834543127134e-09,4.2198714311212445e-07,2.7004667945894447e-05,0.00081131503084308184,0.011443650849461277,0.075849834651751227,0.23737154202272945,0.34898905809673997,0.2373728187941937,0.075851907554972189,0.011443698335390554,0.00081131514078821242,2.7004667972189426e-05,4.2198714311233462e-07,3.0957834543127105e-09,1.0662349350576761e-11,1.7240227998284815e-14,1.127007136128701e-17,0.0
4.6594135962024094e-21,1.3074226246718312e-17,1.7223115232802205e-14,1.0651687001488742e-11,3.0926876708584006e-09,4.2156515596912643e-07,2.6977663275133753e-05,0.00081050371861887487,0.011432240430970719,0.075782046518943533,0.23733529784248356,0.34922077103700355,0.2373368958681685,0.075784636456158488,0.011432299609530955,0.00081050385451515911,2.6977663306485119e-05,4.2156515596924411e-07,3.0926876708583973e-09,1.0651687001096707e-11,1.7222952345839423e-14,1.1050366290313143e-17,0.0
4.6547541826062064e-21,1.3061152020471591e-17,1.7205892117569398e-14,1.0641035314487252e-11,3.0895949831875406e-09,4.2114359081331561e-07,2.6950685608948881e-05,0.00080969321527128019,0.011420840123431983,0.075714259659744876,0.2372989642357346,0.34945254371402823,0.2373009198969456,0.075717423682067034,0.011420912234335254,0.00080969337949853817,2.6950685645444207e-05,4.2114359081329655e-07,3.0895949831875377e-09,1.0641035313930313e-11,1.7205689941646756e-14,1.083494427280577e-17,0.0
4.650099428423601e-21,1.304809086845112e-17,1.7188686225451831e-14,1.0630394279172768e-11,3.0865053882043516e-09,4.2072244722270652e-07,2.6923734920417613e-05,0.00080888352008658159,0.011409449927380463,0.075646474104513944,0.23726254115242576,0.34968437612192282,0.23726489096745682,0.075650269183699437,0.011409536198504161,0.0008088837149271247,2.6923734962062042e-05,4.2072244722250508e-07,3.08650538820435e-09,1.0630394278411217e-11,1.7188440855758753e-14,1.0623721812526439e-17,0.0
4.6454493289951774e-21,1.3035042777582669e-17,1.7171497539226379e-14,1.0619763884893595e-11,3.0834188828161439e-09,4.2030172477573398e-07,2.6896811182641411e-05,0.00080807463235099848,0.011398069843346674,0.075578689883631117,0.23722602854248503,0.34991626825483635,0.23722880916654004,0.075583172912096458,0.011398171490749611,0.00080807485999050382,2.6896811229360957e-05,4.2030172477530432e-07,3.0834188828161447e-09,1.0619763883883806e-11,1.7171205156528525e-14,1.0416617040959029e-17,0.0
4.640803879666182e-21,1.3022007734805087e-17,1.7154326041687155e-14,1.0609144121008701e-11,3.0803354639333226e-09,4.1988142305125338e-07,2.6869914368745463e-05,0.0008072665513506875,0.011386699871856275,0.07551090702749863,0.23718942635582566,0.35014822010695817,0.23719267458093973,0.075516134818338174,0.011386818099794789,0.00080726681387907151,2.6869914420390278e-05,4.1988142305055071e-07,3.0803354639333275e-09,1.0609144119703214e-11,1.7153982910643839e-14,1.0213549685578047e-17,0.0
4.6361630757865155e-21,1.3008985727070283e-17,1.7137171715645467e-14,1.0598534976887692e-11,3.0772551284693819e-09,4.1946154162853995e-07,2.6843044451878664e-05,0.0008064592763717428,0.01137534001343005,0.075443125566540495,0.23715273454234584,0.35038023167251797,0.2371564872973069,0.075449154853543879,0.011375476014374093,0.00080645957578403355,2.6843044508226274e-05,4.1946154162752182e-07,3.0772551284693931e-09,1.0598534975235305e-11,1.7136774183159909e-14,1.0014441038735478e-17,0.0
4.6315269127107295e-21,1.2995976741343216e-17,1.7120034543929825e-14,1.0587936441910805e-11,3.0741778733409036e-09,4.190420800872887e-07,2.6816201405213628e-05,0.00080565280670019657,0.011363990268583911,0.075375345531202523,0.23711595305192892,0.3506123029457856,0.23712024740219922,0.075382232968872073,0.011364145223233136,0.00080565314489740433,2.6816201465972149e-05,4.1904208008591609e-07,3.074177873340923e-09,1.0587936439856658e-11,1.711957903753156e-14,9.8192139271541976e-18,0.0
4.6268953857980183e-21,1.298298076460187e-17,1.7102914509385892e-14,1.0577348505468893e-11,3.0711036954675488e-09,4.1862303800761338e-07,2.6789385201946658e-05,0.00080484714162201785,0.011352650637828881,0.075307566951952301,0.23707908183444301,0.35084443392107084,0.23708395498208085,0.075315369115520336,0.011352825715128726,0.00080484752041200551,2.6789385266757974e-05,4.1862303800585171e-07,3.071103695467579e-09,1.0577348502954555e-11,1.7102397535644757e-14,9.6277926820160787e-18,0.0
4.6222684904122201e-21,1.2969997783837267e-17,1.7085811594876506e-14,1.0566771156963425e-11,3.0680325917720657e-09,4.1820441497004706e-07,2.6762595815297818e-05,0.00080404228042311543,0.011341321121671114,0.075239789859279343,0.23704212083974155,0.3510766245927241,0.23704761012332309,0.07524856324472548,0.011341517478828866,0.00080404270152146715,2.6762595883740733e-05,4.1820441496786749e-07,3.0680325917721091e-09,1.0566771153926979e-11,1.7085229737847549e-14,9.4401031096332412e-18,0.0
4.6176462219218082e-21,1.295702778605343e-17,1.7068725783281629e-14,1.0556204385806461e-11,3.0649645591802749e-09,4.1778621055554112e-07,2.6735833218510867e-05,0.00080323822238933618,0.011330001720611868,0.075172014283694924,0.23700507001766272,0.35130887495513557,0.23701121291220389,0.075181815307763369,0.011330220503112731,0.00080323868742022476,2.6735833290104223e-05,4.1778621055292124e-07,3.0649645591803341e-09,1.0556204382182589e-11,1.7068075702980357e-14,9.2560724626910253e-18,0.0
4.6130285756998856e-21,1.2944070758267372e-17,1.7051657057498344e-14,1.0545648181420653e-11,3.0618995946210714e-09,4.1736842434546486e-07,2.6709097384853285e-05,0.00080243496680646592,0.011318692435147513,0.075104240255732146,0.23696792931802965,0.35154118500273557,0.23697476343490817,0.075115125255948934,0.011318934776770663,0.00080243547730351951,2.670909745905906e-05,4.1736842434238976e-07,3.0618995946211495e-09,1.054564817714071e-11,1.7050935488405719e-14,9.0756294120515863e-18,0.0
4.6084155471241858e-21,1.2931126687509105e-17,1.7034605400440846e-14,1.0535102533239232e-11,3.0588376950264242e-09,4.1695105592160573e-07,2.6682388287616303e-05,0.00080163251296023086,0.011307393265769529,0.075036467805946014,0.23693069869065059,0.35177355472999466,0.23693826177752814,0.075048493040636197,0.011307660288604165,0.00080163307036739784,2.6682388363842672e-05,4.1695105591806889e-07,3.0588376950265243e-09,1.0535102528231329e-11,1.7033809150037428e-14,8.8987040191071709e-18,0.0
4.6038071315770615e-21,1.2918195560821596e-17,1.7017570795040405e-14,1.0524567430705994e-11,3.0557788573313684e-09,4.1653410486616811e-07,2.6655705900114855e-05,0.00080083086013629594,0.011296104212964486,0.074968696964913359,0.23689337808531852,0.35200598413142314,0.23690170802606286,0.074981918613218151,0.011296397027425881,0.00080083146580870943,2.6655705977719221e-05,4.1653410486217239e-07,3.0557788573314929e-09,1.0524567424895071e-11,1.7016696742369121e-14,8.7252277086723355e-18,0.0
4.5992033244454856e-21,1.2905277365260777e-17,1.7000553224245367e-14,1.0514042863275291e-11,3.0527230784740046e-09,4.1611757076177365e-07,2.6629050195687622e-05,0.00080003000762026723,0.011284825277214064,0.0749009277632329,0.23685596745181148,0.35223847320157159,0.23686510226641883,0.074915401925126801,0.011285144982059583,0.00080003066282510759,2.6629050273979626e-05,4.1611757075733181e-07,3.0527230784741564e-09,1.05140428565832e-11,1.6999598318502287e-14,8.5551332424046373e-18,0.0
4.5946041211210401e-21,1.2892372087895517e-17,1.698355267102112e-14,1.0503528820412017e-11,3.0496703553954944e-09,4.1570145319146028e-07,2.6602421147696995e-05,0.00079922995469769019,0.011273556458995028,0.074833160231525184,0.23681846673989218,0.35247102193503027,0.23682844458440969,0.074848942927833076,0.01127390414134017,0.00079923066061504732,2.6602421225941487e-05,4.1570145318659598e-07,3.0496703553956755e-09,1.050352881275759e-11,1.698251393017374e-14,8.388354692743461e-18,0.0
4.5900095169999189e-21,1.2879479715807622e-17,1.6966569118350099e-14,1.0493025291591605e-11,3.0466206850400591e-09,4.1528575173868256e-07,2.6575818729529125e-05,0.00079843070065405228,0.01126229775877924,0.074765394400432672,0.23678087589930835,0.35270363032642954,0.23679173506575663,0.074782541572846861,0.011262674494113648,0.00079843145837778565,2.6575818806949119e-05,4.1528575173343085e-07,3.0466206850402726e-09,1.0493025282890731e-11,1.696544362778257e-14,8.2248274173569186e-18,0.0
4.5854195074829186e-21,1.2866600236091811e-17,1.6949602549231744e-14,1.0482532266300013e-11,3.0435740643549752e-09,4.1487046598731066e-07,2.6549242914593889e-05,0.00079763224477478144,0.011251049177033644,0.074697630300619725,0.23674319487979251,0.35293629837043961,0.23675497379608818,0.074716197811716942,0.011251456029237128,0.00079763305531337992,2.6549242990373468e-05,4.1487046598171876e-07,3.0435740643552225e-09,1.0482532256465708e-11,1.6948387460416547e-14,8.0644880340868679e-18,0.0
4.5808340879754354e-21,1.285373363585572e-17,1.6932652946682512e-14,1.0472049734033714e-11,3.0405304902905744e-09,4.144555955216305e-07,2.6522693676324919e-05,0.00079683458634524824,0.011239810714220267,0.074629867962772614,0.23670542363106215,0.35316902606177064,0.23671816086094066,0.074649911596030974,0.011240248735578809,0.00079683545062268811,2.6522693749612131e-05,4.144555955157585e-07,3.0405304902908573e-09,1.0472049722976188e-11,1.6931345475878023e-14,7.9072743963823933e-18,0.0
4.5762532538874598e-21,1.2840879902219865e-17,1.6915720293735829e-14,1.0461577684299682e-11,3.0374899598002361e-09,4.1404113992634284e-07,2.6496170988179573e-05,0.00079603772465076418,0.011228582370796214,0.074562107417599499,0.23666756210281936,0.35340181339517246,0.23668129634575788,0.074583682877415458,0.011229052602017965,0.00079603864350736675,2.6496171058089292e-05,4.1404113992026416e-07,3.0374899598005554e-09,1.0461577671926411e-11,1.6914317720709318e-14,7.7531255692121766e-18,0.0
4.5716770006335724e-21,1.2828039022317645e-17,1.6898804573442092e-14,1.0451116106615385e-11,3.034452469840386e-09,4.1362709878656346e-07,2.6469674823638958e-05,0.0007952416589765835,0.011217364147213665,0.074494348695830451,0.2366296102447511,0.35363466036543484,0.23664438033589141,0.074517511607535697,0.011217867617444937,0.00079524263316987074,2.6469674889255714e-05,4.136270987803653e-07,3.0344524698407425e-09,1.0451116092831176e-11,1.6897304240217617e-14,7.6019818054464655e-18,0.0
4.5671053236329389e-21,1.2815210983295327e-17,1.6881905768868649e-14,1.0440664990508771e-11,3.0314180173704951e-09,4.1321347168782233e-07,2.644320515620793e-05,0.0007944463886079031,0.01120615604391987,0.074426591828217509,0.23659156800652914,0.35386756696738725,0.23660741291660067,0.074451397738095781,0.011206693770761122,0.00079444741881345244,2.6443205216588708e-05,4.1321347168160632e-07,3.031418017370888e-09,1.0440664975215833e-11,1.6880305078499383e-14,7.4537845226994527e-18,0.0
4.5625382183093062e-21,1.2802395772312032e-17,1.686502386309978e-14,1.0430224325518263e-11,3.0283865993530739e-09,4.1280025821606357e-07,2.6416761959415098e-05,0.00079365191282986295,0.011194958061357145,0.074358836845534584,0.23655343533780995,0.3541005331958989,0.23657039417305303,0.074385341220838563,0.011195531050878964,0.00079365299964216109,2.6416762013592114e-05,4.1280025820994604e-07,3.028386599353502e-09,1.0430224308616264e-11,1.6863320278464295e-14,7.3084762806231063e-18,0.0
4.5579756800909971e-21,1.2789593376539719e-17,1.6848158839236678e-14,1.0419794101192746e-11,3.0253582127536703e-09,4.123874579576449e-07,2.6390345206812818e-05,0.00079285823092754642,0.011183770199962868,0.074291083778577599,0.23651521218823476,0.35433355904587877,0.23653332419032383,0.074319342007545613,0.011184379446721938,0.00079285937486084173,2.6390345253796262e-05,4.1238745795175744e-07,3.0253582127541314e-09,1.041979408257888e-11,1.6846349881858711e-14,7.166000758643647e-18,0.0
4.5534177044109067e-21,1.2776803783163181e-17,1.6831310680397444e-14,1.0409374307091557e-11,3.0223328545408683e-09,4.1197507049933738e-07,2.6363954871977208e-05,0.00079206534218598094,0.011172592460169483,0.074223332658164401,0.23647689850742953,0.35456664451227543,0.23649620305339653,0.074253400050037222,0.011173238947224547,0.00079206654367513466,2.6363954910757954e-05,4.1197507049382701e-07,3.0223328545413588e-09,1.0409374286660606e-11,1.6829393929288687e-14,7.0263027341320451e-18,0.0
4.5488642867064955e-21,1.2764026979380017e-17,1.6814479369717048e-14,1.0398964932784466e-11,3.0193105216862811e-09,4.1156309542832494e-07,2.6337590928508128e-05,0.00079127324589013746,0.011161424842404474,0.074155583515134765,0.23643849424500488,0.35479978959007713,0.23645903084716263,0.074187515300172299,0.011162109541332298,0.00079127450529147426,2.6337590958060433e-05,4.1156309542335444e-07,3.0193105216867969e-09,1.0398964910428862e-11,1.6812452460242518e-14,6.8893280610000672e-18,0.0
4.5443154224197886e-21,1.2751262952400634e-17,1.6797664890347327e-14,1.0388565967851682e-11,3.0162912111645515e-09,4.1115153233220386e-07,2.6311253350029201e-05,0.00079048194132493174,0.011150267347090391,0.074087836380350477,0.23639999935055606,0.35503299427431168,0.23642180765642198,0.074121687709848436,0.011150991218001702,0.00079048325891708853,2.6311253369313356e-05,4.1115153232795228e-07,3.0162912111650867e-09,1.0388565943461564e-11,1.6795525513112881e-14,6.7550236487135919e-18,0.0
4.5397711069973685e-21,1.2738511689448235e-17,1.6780867225456981e-14,1.0378177401883833e-11,3.0132749199533494e-09,4.1074038079898303e-07,2.6284942110187831e-05,0.00078969142777522477,0.011139119974644824,0.074020091284695319,0.23636141377366321,0.35526625856004662,0.2363845335658829,0.074055917231001842,0.011139883966200264,0.00078969280375999859,2.6284942118152786e-05,4.1074038079564556e-07,3.013274919953897e-09,1.0378177375347105e-11,1.6778613125218519e-14,6.6233374417150508e-18,0.0
4.5352313358903722e-21,1.2725773177758787e-17,1.6764086358231527e-14,1.0367799224481953e-11,3.0102616450333653e-09,4.103296404170828e-07,2.6258657182655166e-05,0.00078890170452582229,0.011127982725480408,0.073952348259075054,0.2363227374638909,0.35549958244238894,0.23634720866016198,0.073990203815607322,0.011128787774906463,0.00078890313902901712,2.6258657178241135e-05,4.1032964041487119e-07,3.010261645033917e-09,1.0367799195684347e-11,1.6761715332825499e-14,6.4942183992470102e-18,0.0
4.5306961045544814e-21,1.2713047404581028e-17,1.6747322271873294e-14,1.0357431425257474e-11,3.0072513833883091e-09,4.0991931077533494e-07,2.6232398541126118e-05,0.00078811277086147556,0.011116855600004813,0.073884607334417374,0.23628397037078833,0.35573296591648501,0.2363098330237843,0.073924547415678152,0.011117702633109745,0.00078811426393374793,2.623239852326715e-05,4.0991931077447753e-07,3.0072513833888542e-09,1.0357431394082596e-11,1.6744832171168066e-14,6.3676164755690914e-18,0.0
4.5261654084499273e-21,1.2700334357176448e-17,1.6730574949601421e-14,1.0347073993832219e-11,3.0042441320049079e-09,4.0950939146298242e-07,2.6206166159319376e-05,0.00078732462606688209,0.011105738598620751,0.073816868541672062,0.23624511244388938,0.35596640897752091,0.23627240674118363,0.073858947983266227,0.011106628529810519,0.00078732617768458534,2.6206166126945902e-05,4.0950939146372421e-07,3.0042441320054344e-09,1.0347073960161614e-11,1.672796367446909e-14,6.2434826005605562e-18,0.0
4.5216392430414773e-21,1.2687634022819271e-17,1.6713844374651821e-14,1.033672691983839e-11,3.0012398878729017e-09,4.0909988206967881e-07,2.6179960010977395e-05,0.00078653726942668552,0.011094631721725959,0.073749131911810872,0.23620616363271252,0.35619991162072212,0.23623492989670236,0.07379340547046187,0.011095565454020136,0.00078653887949271329,2.6179959963018739e-05,4.0909988207228164e-07,3.0012398878733952e-09,1.033672688355159e-11,1.6711109875960118e-14,6.1217686607010298e-18,0.0
4.5171176037984362e-21,1.2674946388796452e-17,1.6697130530277169e-14,1.0326390192918555e-11,2.9982386479850407e-09,4.0869078218548801e-07,2.6153780069866404e-05,0.00078575070022547612,0.011083534969713206,0.073681397475827595,0.23616712388676073,0.35643347384135349,0.23619740257459168,0.073727919829393931,0.011084513394760884,0.00078575236857010425,2.615378000525327e-05,4.0869078219023049e-07,2.9982386479854857e-09,1.0326390153893134e-11,1.6694270807901014e-14,6.0024274804219971e-18,0.0
4.5126004861946368e-21,1.2662271442407652e-17,1.6680433399746888e-14,1.0316063802725638e-11,2.9952404093370826e-09,4.0828209140088377e-07,2.6127626309776393e-05,0.00078496491774779104,0.011072448342970283,0.073613665264738032,0.23612799315552149,0.35666709563471921,0.23615982485901157,0.073662491012229672,0.011073472341065975,0.00078496664412951883,2.6127626227443327e-05,4.0828209140806131e-07,2.9952404093374602e-09,1.0316063760837262e-11,1.6677446501599242e-14,5.8854128038218462e-18,0.0
4.5080878857084426e-21,1.2649609170965246e-17,1.6663752966347145e-14,1.0305747738922918e-11,2.9922451689277912e-09,4.0787380930674976e-07,2.6101498704521164e-05,0.00078417992127811562,0.011061371841880002,0.073545935309580077,0.23608877138846709,0.35690077699616307,0.23612219683403113,0.073597118971174783,0.011062442281979537,0.00078418170538450526,2.6101498603408974e-05,4.078738093166744e-07,2.9922451689280811e-09,1.0305747694045395e-11,1.6660636987428764e-14,5.7706792767373728e-18,0.0
4.5035797978227345e-21,1.2636959561794281e-17,1.6647089213380798e-14,1.0295441991183998e-11,2.9892529237589291e-09,4.0746593549437841e-07,2.6075397227938256e-05,0.00078339571010088195,0.011050305466820187,0.073478207641413606,0.23604945853505399,0.35713451792106793,0.23608451858362822,0.073531803658473296,0.011051423206556596,0.00078339755154939754,2.6075397106996422e-05,4.0746593550737878e-07,2.9892529237591078e-09,1.0295441943189332e-11,1.6643842294848538e-14,5.6581824291647748e-18,0.0
4.499076218024912e-21,1.2624322602232487e-17,1.6630442124167417e-14,1.0285146549192816e-11,2.9862636708352584e-09,4.0705846955547113e-07,2.6049321853889014e-05,0.00078261228350047062,0.011039249218163676,0.073410482291320592,0.23601005454472335,0.357368318404856,0.23604679019168998,0.07346654502640762,0.011040415103863071,0.00078261418183931558,2.6049321712078056e-05,4.0705846957189245e-07,2.9862636708353006e-09,1.0285146497951255e-11,1.6627062452420725e-14,5.547878658023367e-18,0.0
4.4945771418068862e-21,1.2611698279630251e-17,1.6613811682043244e-14,1.0274861402643623e-11,2.9832774071645356e-09,4.0665141108213783e-07,2.602327255625855e-05,0.00078182964076121074,0.011028203096278314,0.073342759290405055,0.2359705593669007,0.35760217844298886,0.23600901174201258,0.073401343027298491,0.011029417962975763,0.00078183159547016393,2.6023272392552383e-05,4.0665141110234147e-07,2.9832774071644132e-09,1.0274861348023701e-11,1.6610297487828465e-14,5.439725210255291e-18,0.0
4.4900825646650791e-21,1.2599086581350621e-17,1.6597197870361202e-14,1.026458654124098e-11,2.9802941297575123e-09,4.0624475966689659e-07,2.5997249308955782e-05,0.00078104778116738045,0.011017167101526951,0.073275038669793138,0.23593097295099616,0.35783609803096733,0.23597118331830175,0.073336197613504961,0.011018431772982349,0.0007810497916586319,2.5997249122344019e-05,4.0624475969126012e-07,2.9802941297571942e-09,1.0264586483109568e-11,1.6593547427893365e-14,5.3336801662547008e-18,0.0
4.4855924821004144e-21,1.2586487494769271e-17,1.6580600672490845e-14,1.0254321954699742e-11,2.9773138356279266e-09,4.0583851490267311e-07,2.5971252085913402e-05,0.00078026670400320691,0.011006141234267441,0.073207320460633024,0.2358912952464042,0.35807007716433131,0.23593330500417234,0.073271108737424345,0.011007456522981357,0.00078026876962219137,2.5971251875403647e-05,4.0583851493158986e-07,2.977313835627379e-09,1.0254321892922091e-11,1.6576812298592603e-14,5.2297024236199761e-18,0.0
4.4811068896183134e-21,1.2573901007274498e-17,1.6564020071818351e-14,1.0244067632745042e-11,2.974336521792503e-09,4.0543267638280015e-07,2.5945280861087879e-05,0.00077948640855286637,0.010995125494852622,0.073139604694094973,0.23585152620250363,0.3583041158386599,0.2358953768831486,0.073206076351492136,0.010996492202082162,0.00077948852857909656,2.5945280625707991e-05,4.0543267641667914e-07,2.974336521791689e-09,1.0244067567184831e-11,1.6560092125075711e-14,5.1277516812226857e-18,0.0
4.4766257827286954e-21,1.2561327106267223e-17,1.654745605174653e-14,1.0233823565112298e-11,2.9713621852709522e-09,4.0502724370101799e-07,2.5919335608459504e-05,0.00077870689410048613,0.010984119883630338,0.073071891401371408,0.23581166576865792,0.35853821404957148,0.23585739903866451,0.073141100408182114,0.010985538799404988,0.00077870906774838442,2.5919335347259822e-05,4.0502724374028337e-07,2.9713621852698318e-09,1.0233823495631679e-11,1.6543386931681071e-14,5.027788423587133e-18,0.0
4.4721491569459671e-21,1.254876577916096e-17,1.6530908595694786e-14,1.0223589741547186e-11,2.9683908230859634e-09,4.046222164514733e-07,2.5893416302032341e-05,0.00077792815993014302,0.010973124400943415,0.073004180613676847,0.23577171389421475,0.35877237179272348,0.2358193715540636,0.073076180860006251,0.01097459630408088,0.00077793038634987204,2.5893416014087898e-05,4.0462221649656414e-07,2.9683908230844935e-09,1.0223589668006826e-11,1.6526696741952013e-14,4.9297739055743882e-18,0.0
4.4676770077890207e-21,1.2536217013381795e-17,1.651437768709909e-14,1.0213366151805634e-11,2.9654224322632015e-09,4.0421759422871855e-07,2.5867522915834235e-05,0.00077715020532586395,0.010962139047129657,0.072936472362247845,0.23573167052850599,0.35900658906381216,0.23578129451259885,0.073011317659514574,0.010963664705251694,0.00077715248360415621,2.5867522600246923e-05,4.0421759428008839e-07,2.9654224322613345e-09,1.0213366074064754e-11,1.6510021578652654e-14,4.8336701373649156e-18,0.0
4.4632093307812315e-21,1.2523680796368414e-17,1.649786330941199e-14,1.0203152785653826e-11,2.9624570098313096e-09,4.038133766277127e-07,2.5841655423916867e-05,0.00077637302957162847,0.010951163822521861,0.072868766678343216,0.23569153562084824,0.35924086585857323,0.23574316799743339,0.072946510759295341,0.010952743992070099,0.00077637535873261441,2.5841655079817589e-05,4.0381337668582922e-07,2.9624570098289951e-09,1.0203152703570244e-11,1.6493361463783426e-14,4.7394398697339621e-18,0.0
4.4587461214504494e-21,1.2511157115572042e-17,1.6481365446102574e-14,1.0192949632868166e-11,2.9594945528218984e-09,4.0340956324381974e-07,2.5815813800355679e-05,0.00077559663195136594,0.010940198727447789,0.0728010635932438,0.23565130912054216,0.35947520217278117,0.23570499209163995,0.072881760111974836,0.010941834153699556,0.00077559901095740152,2.5815813426906469e-05,4.0340956330916415e-07,2.9594945528190831e-09,1.019294954629834e-11,1.6476716418596264e-14,4.6470465796139807e-18,0.0
4.454287375329e-21,1.2498645958456474e-17,1.6464884080656475e-14,1.0182756683235294e-11,2.9565350582695519e-09,4.0300615367280926e-07,2.5789998019249955e-05,0.00077482101174895909,0.010929243762230185,0.072733363138252682,0.23561099097687296,0.35970959800224966,0.23566676687820143,0.072817065670217493,0.010930935179314314,0.0007748234395014513,2.5789997615646074e-05,4.0300615374587596e-07,2.9565350582661783e-09,1.0182756592034358e-11,1.6460086463609556e-14,4.5564544559385234e-18,0.0
4.4498330879536715e-21,1.2486147312498019e-17,1.6448419196575822e-14,1.0172573926552053e-11,2.9535785232118146e-09,4.0260314751085505e-07,2.5764208054722745e-05,0.00077404616824824121,0.010918298927186756,0.072665665344695027,0.23557058113910986,0.35994405334283114,0.23562849244001052,0.072752427386725715,0.010920047058099389,0.00077404864358847358,2.5764207620194734e-05,4.0260314759215094e-07,2.9535785232078214e-09,1.017257383057386e-11,1.6443471618622731e-14,4.467628385762084e-18,0.0
4.4453832548657171e-21,1.2473661165185517e-17,1.6431970777379244e-14,1.0162401352625489e-11,2.9506249446891946e-09,4.0220054435453533e-07,2.5738443880920904e-05,0.00077327210073299842,0.010907364222630169,0.072597970243918147,0.23553007955650643,0.36017856819041683,0.23559016885987002,0.072687845214239905,0.010909169779250558,0.0007732746224429545,2.573844341473664e-05,4.0220054444457943e-07,2.9506249446845165e-09,1.0162401251722648e-11,1.6426871902730611e-14,4.3805339406505462e-18,0.0
4.4409378716108521e-21,1.2461187504020334e-17,1.6415538806601869e-14,1.0152238951272855e-11,2.9476743197451633e-09,4.0179834380083284e-07,2.5712705472015136e-05,0.00077249880848697088,0.010896439648868063,0.072530277867291632,0.23548948617830071,0.36041314254093737,0.23555179622049324,0.072623319105538528,0.010898303331974361,0.00077250137529015668,2.5712704973481813e-05,4.0179834390015571e-07,2.9476743197397312e-09,1.0152238845296761e-11,1.6410287334337489e-14,4.2951373633369361e-18,0.0
4.4364969337392402e-21,1.2448726316516311e-17,1.6399123267795263e-14,1.0142086712321567e-11,2.9447266454261435e-09,4.0139654544713328e-07,2.5686992802199908e-05,0.00077172629079385051,0.010885525206203022,0.072462588246207146,0.2354488009537147,0.36064777639036166,0.23551337460450339,0.072558849013437926,0.010887447705488067,0.00077172890135611611,2.5686992270666039e-05,4.0139654555627618e-07,2.9447266454198842e-09,1.0142086601122451e-11,1.6393717931170879e-14,4.2114055546373069e-18,0.0
4.4320604368055011e-21,1.2436277590199795e-17,1.6382724144527469e-14,1.013194462560923e-11,2.9417819187815167e-09,4.0099514889122618e-07,2.5661305845693536e-05,0.00077095454693728389,0.010874620894932591,0.072394901412078619,0.23540802383195486,0.36088246973469795,0.23547490409443433,0.072494434890792422,0.010876602889019685,0.00077095719986764399,2.5661305280550897e-05,4.0099514901074063e-07,2.9417819187743529e-09,1.0131944509036184e-11,1.6377163710295072e-14,4.1293060606217105e-18,0.0
4.4276283763686953e-21,1.2423841312609595e-17,1.6366341420382941e-14,1.0121812680983603e-11,2.9388401368636115e-09,4.0059415373130357e-07,2.5635644576738123e-05,0.00077018357620087122,0.010863726715349261,0.072327217396342125,0.23536715476221168,0.36111722256999296,0.23543638477273021,0.072430076690494241,0.010865768871807938,0.00077018627005232378,2.5635643977423678e-05,4.0059415386175061e-07,2.9388401368554617e-09,1.0121812558884618e-11,1.6360624688124353e-14,4.0488070600352485e-18,0.0
4.4232007479923273e-21,1.2411417471296988e-17,1.6349975078962562e-14,1.0111690868302599e-11,2.9359012967277055e-09,4.0019355956596008e-07,2.56100089695996e-05,0.00076941337786816681,0.010852842667740469,0.072259536230456001,0.23532619369365995,0.36135203489233236,0.23539781672174578,0.072365774365473437,0.010854945643102262,0.00076941611113851179,2.5610008335597404e-05,4.0019355970790956e-07,2.9359012967184845e-09,1.0111690740524604e-11,1.6344100880436016e-14,3.9698773519643541e-18,0.0
4.4187775472443351e-21,1.2399006053825692e-17,1.6333625103883599e-14,1.010157917743427e-11,2.9329653954320206e-09,3.9979336599419247e-07,2.55843989985677e-05,0.00076864395122267979,0.010841968752388586,0.072191857945900731,0.23528514057545855,0.36158690669784044,0.23535920002374633,0.072301527868697923,0.010844133192162785,0.00076864672235533549,2.5584398329410767e-05,3.9979336614822229e-07,2.9329653954216379e-09,1.0101579043823161e-11,1.6327592302383085e-14,3.8924863437435092e-18,0.0
4.41435876969709e-21,1.2386607047771863e-17,1.6317291478779713e-14,1.0091477598256805e-11,2.9300324300377206e-09,3.9939357261539926e-07,2.5558814637955991e-05,0.00076787529554787426,0.010831104969570926,0.072124182574179074,0.23524399535675045,0.36182183798268025,0.23532053476090783,0.072237337153173431,0.01083333150826033,0.00076787810293269345,2.555881393322813e-05,3.993935727820946e-07,2.9300324300260813e-09,1.0091477458657478e-11,1.6311098968506826e-14,3.8166040390977181e-18,0.0
4.4099444109273937e-21,1.2374220440724093e-17,1.6300974187300938e-14,1.0081386120658517e-11,2.9271023976089103e-09,3.9899417902938063e-07,2.5533255862101872e-05,0.00076710741012717045,0.010820251319559741,0.072056510146816063,0.23520275798666301,0.36205682874305367,0.23528182101531722,0.072173202171943521,0.010822540580676396,0.0007671102521012549,2.5533255121439502e-05,3.989941792093332e-07,2.9271023975959157e-09,1.0081385974914902e-11,1.629462089274899e-14,3.7422010265161414e-18,0.0
4.4055344665164663e-21,1.2361846220283369e-17,1.6284673213113635e-14,1.0071304734537822e-11,2.9241752952126267e-09,3.9859518483633739e-07,2.5507722645366535e-05,0.00076634029424394368,0.0108094078026222,0.07198884069535888,0.2351614284143074,0.36229187897520093,0.23524305886897209,0.072109122878089432,0.010811760398703145,0.00076634316909245722,2.5507721868460483e-05,3.9859518503014446e-07,2.9241752951981738e-09,1.0071304582492912e-11,1.62781580884638e-14,3.669248467852368e-18,0.0
4.4011289320499498e-21,1.2349484374063085e-17,1.6268388539900521e-14,1.0061233429803243e-11,2.9212511199188429e-09,3.9819658963687118e-07,2.5482214962135017e-05,0.00076557394718152567,0.010798574419020405,0.071921174251377035,0.23512000658877907,0.36252698867540117,0.2352042484037811,0.07204509922473018,0.010800990951643399,0.00076557685313850712,2.5482214148732267e-05,3.9819658984513493e-07,2.9212511199028233e-09,1.006123327129913e-11,1.6261710568429748e-14,3.597718087146935e-18,0.0
4.3967278031178997e-21,1.2337134889689021e-17,1.625212015136062e-14,1.0051172196373393e-11,2.9183298688004606e-09,3.9779839303198388e-07,2.5456732786816173e-05,0.0007648083682232046,0.010787751169011376,0.071853510846462271,0.23507849245915746,0.36276215783997195,0.23516538970156384,0.071981131165022472,0.010790232228810624,0.00076481130347237885,2.5456731936721601e-05,3.9779839325531036e-07,2.9183298687827618e-09,1.0051172031251295e-11,1.6245278344861136e-14,3.5275821596677398e-18,0.0
4.392331075314782e-21,1.2324797754799331e-17,1.623586803120926e-14,1.0041121024176967e-11,2.915411538933309e-09,3.9740059462307731e-07,2.5431276093842695e-05,0.00076404355665222589,0.010776938052847053,0.071785850512228605,0.23503688597450609,0.36299738646526941,0.2351264828440511,0.071917218652160692,0.010779484219528917,0.00076404651932781371,2.5431275206920781e-05,3.974005948620756e-07,2.9154115389138136e-09,1.004112085227726e-11,1.6228861429419378e-14,3.4588135011641045e-18,0.0
4.3879387442394675e-21,1.2312472957044532e-17,1.6219632163178052e-14,1.0031079903152732e-11,2.9124961273961413e-09,3.9700319401195281e-07,2.5405844857671102e-05,0.00076327951175179194,0.010766135070774284,0.071718193280312342,0.23499518708387254,0.36323267454768832,0.23508752791288481,0.071853361639376861,0.010768746913133006,0.00076328249993931911,2.5405843933847591e-05,3.9700319426723404e-07,2.912496127374728e-09,1.0031079724314975e-11,1.6212459833224123e-14,3.39138545733033e-18,0.0
4.3835508054952284e-21,1.2300160484087488e-17,1.6203412531014875e-14,1.0021048823249516e-11,2.9095836312706322e-09,3.9660619080081083e-07,2.5380439052781738e-05,0.00076251623280506307,0.01075534222303483,0.071650539182372061,0.2349533957362884,0.36346802208366191,0.23504852498961823,0.071789560079940626,0.010758020298968229,0.00076251924454216811,2.5380438092045308e-05,3.966061910729873e-07,2.9095836312471742e-09,1.0021048637312485e-11,1.6196073566864106e-14,3.3252718934746517e-18,0.0
4.3791672546897322e-21,1.2287860323603398e-17,1.6187209118483859e-14,1.0011027774426194e-11,2.9066740476413738e-09,3.9620958459225062e-07,2.5355058653678784e-05,0.00076175371909515722,0.010744559509865356,0.071582888250088642,0.23491151188076917,0.36370342906966169,0.23500947415571583,0.071725813927159224,0.010747304366390525,0.00076175675237239804,2.5355057656082654e-05,3.9620958488193467e-07,2.9066740476157399e-09,1.0011027581227906e-11,1.6179702640407841e-14,3.2604471843895946e-18,0.0
4.3747880874350434e-21,1.2275572463279794e-17,1.617102190936538e-14,1.0001016746651694e-11,2.9037673735958768e-09,3.9581337498927011e-07,2.5329703634890273e-05,0.00076099196990515167,0.01073378693149743,0.071515240515165307,0.23486953546631459,0.36393889550219805,0.23497037549255381,0.071662123134377489,0.010736599104766435,0.00076099502266681112,2.5329702600553808e-05,3.9581337529707326e-07,2.9037673735679313e-09,1.0001016546029434e-11,1.6163347063414083e-14,3.1968862044198057e-18,0.0
4.3704132993476091e-21,1.2263296890816515e-17,1.615485088745602e-14,9.9910157299049596e-12,2.9008636062245607e-09,3.9541756159526492e-07,2.5304373970968058e-05,0.0007602309845180814,0.010723024488157516,0.071447596009327541,0.23482746644190811,0.3641744213778193,0.23493122908141964,0.071598487654977713,0.01072590450347307,0.00076023405466297156,2.5304372900078329e-05,3.9541756192179665e-07,2.9008636061941627e-09,9.9910155216953131e-12,1.6147006844942054e-14,3.1345643177234984e-18,0.0
4.3660428860482619e-21,1.2251033593925701e-17,1.6138696036568568e-14,9.9810247141749637e-12,2.8979627426207555e-09,3.9502214401402845e-07,2.5279069636487829e-05,0.00075947076221694119,0.010712272180066967,0.071379954764323197,0.23478530475651724,0.36441000669311241,0.23489203500351244,0.071534907442379753,0.010715220551898118,0.00075947384759920673,2.5279068529301167e-05,3.9502214435989535e-07,2.8979627425877601e-09,9.9810244982138384e-12,1.6130681993561529e-14,3.0734573687237591e-18,0.0
4.3616768431622128e-21,1.2238782560331772e-17,1.6122557340531997e-14,9.971043689460687e-12,2.8950647798806977e-09,3.9462712184975131e-07,2.5253790606049114e-05,0.00075871130228468472,0.010701530007442027,0.071312316811922405,0.23474305035909326,0.36464565144470246,0.23485279333994297,0.07147138245004088,0.010704547239439826,0.00075871440071460501,2.5253789462892615e-05,3.9462712221555577e-07,2.8950647798449553e-09,9.9710434655833382e-12,1.6114372517362673e-14,3.0135416727459916e-18,0.0
4.3573151663190506e-21,1.222654377777144e-17,1.6106434783191465e-14,9.9610726457711175e-12,2.89216971510353e-09,3.9423249470702136e-07,2.5228536854275312e-05,0.00075795260400422673,0.010690797970493831,0.071244682183917718,0.2347007031985717,0.36488135562925322,0.23481350417173399,0.071407912631455892,0.010693884555506997,0.00075795571324901664,2.5228535675548328e-05,3.9423249509336061e-07,2.8921697150648861e-09,9.9610724138121769e-12,1.609807842396574e-14,2.9547940068378892e-18,0.0
4.3529578511527319e-21,1.2214317233993668e-17,1.6090328348408274e-14,9.9511115731252271e-12,2.8892775453912931e-09,3.9383826219082274e-07,2.520330835581364e-05,0.00075719466665844133,0.010680076069428392,0.071177050912123993,0.2346582632238717,0.36511711924346651,0.23477416757981989,0.071344497940156973,0.010683232489518968,0.00075719778444305124,2.5203307141989233e-05,3.9383826259828757e-07,2.8892775453495892e-09,9.951111332918724e-12,1.6081799720530509e-14,2.8971916007683557e-18,0.0
4.3486048933015792e-21,1.2202102916759674e-17,1.607423802005987e-14,9.9411604615519725e-12,2.8863882678489267e-09,3.9344442390653581e-07,2.5178105085335167e-05,0.00075643748953016347,0.010669364304446597,0.071109423028378457,0.23461573038389635,0.36535294228408238,0.2347347836450471,0.071281138329713695,0.010672591030905607,0.00075644061353807781,2.5178103836961543e-05,3.9344442433570961e-07,2.8863882678039992e-09,9.9411602129313607e-12,1.6065536413765607e-14,2.8407121282019093e-18,0.0
4.3442562884082774e-21,1.2189900813842915e-17,1.6058163782039814e-14,9.9312193010902816e-12,2.8835018795842651e-09,3.9305097945993677e-07,2.5152927017534817e-05,0.00075568107190218919,0.01065866267574421,0.071041798564540695,0.23457310462753261,0.36558882474787924,0.23469535244817405,0.071217833753733001,0.010661960169107303,0.00075568419977622417,2.5152925735236734e-05,3.9305097991139426e-07,2.8835018795359462e-09,9.9312190438884609e-12,1.6049288509937609e-14,2.7853336980451322e-18,0.0
4.3399120321198691e-21,1.2177710913029072e-17,1.6042105618257778e-14,9.9212880817890422e-12,2.8806183777080357e-09,3.9265792845719723e-07,2.512777412713135e-05,0.00075492541305727582,0.010647971183511861,0.070974177552492676,0.23453038590365127,0.36582476663167363,0.23465587406987121,0.071154584165859167,0.010651339893574953,0.000754928542400376,2.5127772811611507e-05,3.9265792893150312e-07,2.8806183776561529e-09,9.921287815838381e-12,1.6033056014879975e-14,2.7310348459618187e-18,0.0
